300 300 1317
42 28
76 39
126 68
250 7
160 111
201 6
251 79
196 254
155 222
89 58
274 135
14 188
116 47
168 215
133 55
101 230
150 117
126 78
121 288
8 149
96 86
106 273
45 186
149 92
291 115
232 145
77 209
73 250
279 87
88 21
75 283
179 169
208 129
153 234
227 92
93 266
170 23
76 258
231 242
153 124
275 253
142 197
8 58
255 160
146 285
44 51
228 92
266 193
208 3
287 18
85 134
299 166
282 44
179 134
46 89
120 292
118 185
280 241
277 35
13 22
225 108
121 246
208 84
130 164
283 22
106 9
286 113
220 205
246 221
75 162
144 130
184 96
73 216
274 69
70 6
214 223
36 262
62 57
166 69
228 263
99 73
266 92
18 255
179 102
181 90
145 71
29 59
222 56
214 253
135 62
178 124
61 134
186 285
287 107
211 78
207 229
128 191
10 174
179 181
127 222
72 35
292 19
67 68
50 235
93 238
55 300
3 186
75 181
22 120
273 44
211 259
196 179
287 274
143 71
266 242
125 240
9 44
8 121
269 30
296 52
274 47
269 28
33 250
67 96
158 261
18 55
260 247
56 297
163 173
91 75
148 230
292 275
202 48
31 61
51 250
44 251
39 70
102 216
200 139
173 238
270 175
79 64
32 104
223 6
202 156
131 89
100 266
235 300
166 25
166 272
171 202
254 164
269 67
84 180
104 216
170 292
279 101
182 203
295 140
208 205
285 253
97 42
27 266
49 231
86 191
182 195
237 33
60 139
102 190
245 286
221 130
67 143
94 219
8 156
18 208
186 188
165 266
257 82
246 74
196 84
157 52
187 211
195 40
41 140
264 289
283 228
182 47
168 222
46 196
58 79
138 267
250 37
294 164
172 234
260 274
258 213
292 243
182 50
83 235
166 233
178 192
103 74
123 147
12 134
180 12
185 96
206 135
50 88
9 246
24 144
298 84
162 120
216 236
278 273
174 268
215 234
243 56
142 198
16 196
89 51
240 252
10 168
217 197
296 173
11 182
225 88
228 109
282 43
224 25
100 229
280 35
276 47
292 193
255 79
273 100
29 90
9 82
4 40
98 109
145 140
100 230
191 267
50 87
118 213
224 82
57 288
41 65
115 59
227 78
185 177
26 230
166 57
45 92
253 161
189 257
60 139
3 123
204 164
163 294
49 194
46 197
297 249
181 166
122 126
120 121
109 286
277 17
178 174
76 121
196 275
286 7
238 94
262 141
39 90
207 38
159 89
134 182
26 223
247 266
233 128
100 227
51 61
231 233
205 76
175 152
232 199
262 223
27 146
205 142
68 92
78 116
37 32
205 58
208 91
17 112
124 292
9 217
279 215
296 238
232 282
214 84
109 62
170 158
102 264
193 187
46 147
117 256
158 44
92 14
42 236
85 256
85 106
30 36
270 202
67 104
160 149
287 178
88 26
111 126
227 244
37 24
59 122
183 226
33 269
51 139
107 250
122 108
164 289
199 29
153 164
274 117
243 89
15 80
73 85
185 40
89 71
194 159
59 113
286 122
38 88
258 236
189 118
209 268
288 53
286 94
131 256
14 49
104 271
14 20
31 230
210 139
204 66
33 290
70 265
111 133
14 2
61 1
179 275
152 133
159 130
50 110
267 54
54 13
222 293
152 277
173 98
121 274
203 196
86 227
164 51
103 73
46 295
29 187
150 240
60 78
125 174
169 143
58 126
211 182
200 134
275 133
16 190
143 182
188 75
158 284
222 45
237 201
115 67
158 235
199 22
111 111
28 146
255 117
175 84
104 293
104 270
103 191
223 170
141 126
70 223
232 238
60 157
59 300
123 248
261 183
79 103
85 105
221 264
225 176
79 13
283 120
75 80
108 272
10 229
236 114
171 112
231 177
235 46
1 47
300 81
134 253
94 297
171 104
268 133
269 205
221 169
136 23
22 212
68 89
38 136
10 97
112 184
163 211
228 210
73 45
176 287
90 208
273 182
58 105
113 54
273 35
100 161
63 78
287 240
85 289
267 153
172 232
172 40
46 263
296 153
130 238
37 293
75 289
222 206
191 212
127 297
229 23
13 294
132 170
281 278
195 281
2 237
110 28
18 11
195 236
106 218
212 198
51 54
54 121
244 174
107 269
25 161
121 202
172 4
9 173
204 287
35 28
96 204
13 266
216 96
97 252
136 206
60 87
68 128
177 98
141 199
144 166
270 100
175 114
194 254
160 196
128 42
101 121
144 276
66 190
215 180
52 68
160 163
210 195
103 43
115 144
189 244
229 220
236 31
296 205
171 14
131 11
69 82
68 126
239 202
27 178
2 30
196 69
199 43
157 250
281 32
274 46
83 19
235 130
58 110
172 11
13 8
200 53
123 36
193 3
110 255
68 284
39 257
192 228
54 50
196 11
270 144
82 163
65 173
117 110
153 90
58 7
63 245
110 92
78 17
93 106
136 197
205 57
73 61
199 53
112 148
40 224
280 26
255 112
22 247
123 294
214 246
131 233
296 19
267 86
12 300
291 54
30 129
89 237
122 96
125 253
210 63
43 289
31 225
159 6
179 217
84 287
225 205
179 84
23 203
47 167
246 76
3 211
85 20
293 18
124 251
163 196
202 41
262 44
187 85
249 251
247 172
98 126
234 83
120 107
229 24
199 130
50 36
197 152
12 102
208 141
26 211
150 62
27 200
241 205
127 134
159 95
163 241
10 143
298 130
284 94
161 215
286 33
105 26
199 288
74 101
116 288
273 16
66 3
31 169
84 286
141 58
144 30
143 299
80 11
154 241
85 92
229 79
219 221
277 140
130 20
48 249
127 58
283 64
225 129
181 205
278 53
148 247
28 250
174 100
155 299
76 141
155 264
252 280
70 91
17 22
2 240
67 157
57 63
159 4
137 170
36 204
137 65
7 27
247 265
68 28
7 255
75 267
185 142
211 244
207 15
63 284
56 122
260 65
267 199
91 99
131 117
284 290
238 181
205 172
275 82
201 131
60 159
84 21
145 53
184 131
12 38
17 108
277 293
176 57
166 87
121 271
66 33
163 274
117 249
222 86
127 262
222 127
81 152
216 295
78 220
40 188
271 151
195 10
275 83
83 254
97 190
289 109
207 244
48 94
248 265
265 165
127 254
236 83
53 41
193 77
262 239
127 173
236 40
251 197
150 236
241 185
297 5
251 168
85 105
221 27
198 11
87 28
160 101
268 275
224 80
54 28
260 131
221 54
167 108
282 179
231 15
248 28
228 229
175 29
124 134
9 76
148 263
271 128
198 124
96 214
23 22
39 135
135 266
54 185
45 176
198 273
282 66
262 131
85 204
211 41
46 30
3 34
102 179
294 136
297 81
59 159
58 50
243 138
239 168
223 55
165 54
78 170
291 263
203 7
283 233
34 138
55 59
147 218
60 157
265 102
68 196
145 291
289 283
51 35
189 88
163 114
297 189
292 284
135 34
217 96
111 69
263 226
287 122
7 185
273 275
42 185
34 170
52 273
70 53
39 60
2 259
104 73
126 291
202 176
210 249
33 16
71 185
56 53
47 89
10 217
68 299
212 167
47 63
218 81
74 261
65 133
118 219
99 275
71 129
242 43
49 95
181 179
80 119
180 46
108 217
59 185
49 70
164 235
190 49
237 11
87 106
118 292
290 16
28 152
71 106
161 200
5 20
288 182
160 183
157 128
295 138
31 284
180 263
118 40
252 255
40 156
177 191
54 293
53 280
275 43
249 103
56 20
13 253
153 281
290 262
278 107
139 20
34 49
31 225
246 231
173 60
256 267
147 299
1 189
168 280
87 98
155 211
268 256
228 298
294 230
45 181
104 146
209 11
156 139
9 86
154 167
275 187
248 283
245 254
243 85
239 244
196 154
177 20
162 41
235 7
173 1
102 142
31 98
216 48
278 3
258 242
250 198
54 53
123 33
171 243
275 263
2 166
128 278
35 98
273 258
137 123
88 280
224 44
235 124
192 51
264 112
238 20
178 126
59 6
116 223
242 25
36 185
100 181
79 199
43 238
33 87
215 200
150 30
18 78
295 184
250 181
230 77
176 8
36 139
239 31
50 190
237 13
15 275
222 115
170 8
49 180
73 226
67 201
229 142
68 189
83 201
108 286
284 134
195 274
157 19
168 35
72 231
124 22
234 168
19 11
75 26
249 112
101 189
217 65
277 249
146 220
133 4
201 7
44 5
114 144
82 230
243 202
265 112
249 202
205 38
102 135
227 161
279 39
145 177
204 253
125 119
191 132
292 242
155 174
26 239
226 167
288 71
258 225
26 47
110 245
161 205
93 230
178 138
87 24
42 270
256 227
174 291
47 67
112 21
50 249
108 118
155 119
236 257
207 161
262 208
127 153
131 57
230 275
158 21
256 258
254 297
26 38
47 30
235 154
192 159
162 267
218 227
249 196
86 298
55 233
180 63
160 38
217 253
273 205
19 12
197 268
24 19
247 233
25 167
59 106
282 152
190 150
99 21
21 231
293 269
186 148
254 86
169 59
252 61
297 149
4 64
23 203
188 145
193 167
190 66
229 188
110 121
197 45
73 48
299 188
82 292
18 3
21 200
265 26
235 82
203 237
54 15
68 141
165 57
31 259
219 134
172 18
286 123
32 248
121 18
103 131
249 70
300 179
126 210
53 52
123 280
242 36
213 298
272 129
210 211
74 19
44 265
268 111
243 141
257 18
270 109
173 206
291 16
238 101
100 161
139 182
55 147
36 243
3 133
295 51
242 155
189 294
211 82
254 191
155 145
146 63
151 252
262 98
122 60
81 67
120 157
134 91
58 161
61 265
277 3
5 178
239 222
182 181
234 151
103 278
223 227
269 298
146 93
117 67
53 32
204 149
139 276
15 62
128 11
215 61
46 299
39 282
113 300
254 25
10 276
82 57
47 217
39 83
193 224
223 251
257 114
245 76
296 236
69 237
78 189
258 270
275 42
36 38
253 175
35 278
112 258
279 110
164 270
140 36
179 194
230 50
299 175
129 88
194 58
12 246
72 75
25 7
262 179
256 88
54 251
96 148
62 140
212 236
65 24
231 12
101 191
150 287
248 76
265 64
57 186
283 104
27 279
16 136
89 56
258 193
109 240
228 213
274 221
6 238
187 244
22 171
7 106
133 37
66 51
17 229
168 197
109 290
292 271
265 21
145 264
70 145
283 35
202 14
171 248
150 186
80 29
125 11
4 162
260 261
148 131
67 273
149 101
1 278
172 47
131 163
218 168
263 51
2 221
284 179
129 156
244 103
286 179
51 127
145 165
226 129
241 98
241 58
113 273
4 259
224 17
229 274
44 188
179 145
137 76
218 126
126 46
153 174
80 154
121 95
176 4
251 144
98 66
275 286
54 285
166 158
183 30
261 256
287 77
98 109
220 10
297 68
105 63
237 275
295 213
139 150
51 269
4 143
10 284
88 281
234 239
52 224
50 224
109 248
51 270
204 238
28 135
286 245
165 88
57 74
182 165
292 94
141 118
92 67
198 294
38 37
172 104
278 216
204 3
214 196
134 67
139 174
36 12
282 119
70 12
140 63
178 258
225 164
276 234
99 189
43 84
202 273
155 250
37 173
121 36
60 146
147 197
229 226
225 290
183 119
56 157
299 118
215 72
94 8
43 179
292 225
73 121
38 155
137 243
109 69
157 125
16 14
195 68
79 64
166 228
137 155
211 257
122 239
195 173
212 150
58 35
109 15
141 252
212 206
204 128
233 134
119 161
266 41
242 184
250 182
79 81
159 5
229 26
141 161
238 253
161 223
16 3
18 273
66 185
10 181
216 275
166 53
1 239
109 104
147 141
100 151
165 275
121 87
143 97
69 242
115 39
76 276
117 90
151 126
59 44
213 18
127 107
211 47
201 264
35 21
74 297
213 229
14 39
131 195
225 35
122 24
247 279
213 63
161 169
216 115
12 99
61 270
