300 300 1405
269 255
191 245
9 17
177 81
24 38
275 82
158 257
226 116
158 32
50 284
285 77
69 120
81 100
203 132
183 214
5 130
83 248
23 113
81 145
226 175
28 80
166 61
68 284
67 10
47 6
95 87
242 92
40 198
155 279
230 154
150 80
120 5
241 23
58 276
108 162
62 250
218 10
263 54
121 58
149 133
128 58
283 268
35 85
233 236
126 86
108 292
94 70
85 246
15 42
267 208
288 266
284 178
179 73
290 23
211 77
215 82
151 239
204 223
58 103
39 248
114 51
138 122
147 165
73 73
209 6
30 177
34 182
83 125
110 151
49 92
155 2
176 41
193 87
298 215
11 100
251 226
293 102
247 24
202 14
143 149
236 198
217 133
48 166
265 155
98 140
103 274
58 200
245 36
15 153
228 142
259 229
293 226
45 138
247 194
164 62
257 215
65 183
248 157
263 284
64 206
56 98
129 271
156 75
231 150
2 289
33 178
260 8
4 232
194 60
183 32
275 68
67 97
147 294
31 97
268 68
21 145
44 174
41 247
125 59
118 224
69 124
144 294
82 264
15 100
210 189
144 3
20 84
278 192
214 191
173 170
102 44
142 195
60 9
2 178
277 89
116 225
157 205
285 153
179 49
92 172
285 257
159 278
102 19
186 228
250 189
157 149
225 37
230 239
208 14
199 179
119 258
186 99
185 220
244 273
52 233
252 166
197 266
160 39
293 176
92 194
46 272
214 113
65 254
293 97
43 19
93 2
297 30
239 284
92 291
122 278
286 269
160 242
32 229
23 176
66 61
187 155
17 69
247 82
238 31
121 180
85 99
156 111
107 249
115 214
247 248
56 211
152 138
101 43
94 287
289 42
191 269
120 133
8 119
48 22
42 271
151 116
118 280
69 134
191 102
232 190
137 168
14 130
96 263
219 210
285 291
250 294
218 245
134 65
263 197
180 226
135 243
292 157
250 10
2 85
194 176
209 22
127 101
270 79
96 5
140 73
158 75
16 104
224 21
178 142
77 125
240 271
173 163
34 252
262 113
166 165
108 176
273 155
297 164
149 124
192 125
165 216
249 87
260 146
246 226
297 13
117 56
190 148
135 250
133 103
222 16
149 38
188 25
27 165
254 109
154 182
200 231
141 16
185 7
231 261
78 70
194 174
27 227
269 268
217 154
162 195
283 151
110 280
37 137
9 31
218 168
258 205
92 191
204 64
158 136
46 191
49 209
69 122
296 198
79 44
208 262
49 195
245 227
264 3
177 266
9 280
85 178
81 157
156 130
98 148
87 157
56 94
81 275
31 195
9 254
144 148
127 74
180 130
100 288
135 258
82 229
178 111
62 271
35 49
27 190
72 24
45 79
288 229
8 94
188 177
72 191
245 41
55 265
83 144
52 33
283 4
198 105
96 89
181 145
148 67
201 81
47 255
162 46
264 123
284 66
209 84
214 274
232 77
20 4
182 22
7 25
210 265
131 206
30 121
180 213
160 157
11 189
59 126
12 228
85 201
58 129
161 123
4 89
277 70
33 298
43 259
238 251
211 227
153 200
73 119
298 1
192 75
184 134
163 186
105 206
125 291
226 128
252 41
175 142
148 22
228 125
50 19
132 272
149 24
180 34
20 254
111 38
228 56
209 108
67 81
258 48
185 264
142 262
106 164
248 260
178 36
51 203
75 140
68 146
88 200
41 229
143 270
176 60
96 87
174 29
122 34
204 262
183 19
20 242
215 254
274 252
171 268
295 26
84 269
62 235
176 209
103 118
233 87
120 21
239 257
196 10
122 76
166 27
67 257
222 76
163 160
185 138
201 66
220 92
78 248
89 50
280 57
179 76
285 103
60 292
72 220
278 113
180 229
154 202
300 254
276 145
115 38
239 10
77 61
203 151
182 118
199 151
130 193
90 39
66 216
129 300
70 22
122 132
117 221
11 123
248 208
20 205
271 85
222 169
206 222
72 221
91 130
129 246
194 11
70 272
39 245
187 175
34 37
232 11
179 141
116 91
145 225
208 41
180 238
236 251
46 286
103 293
272 97
195 67
229 17
59 112
260 119
201 62
140 90
96 30
22 280
61 27
127 274
225 263
79 234
244 259
282 105
240 17
154 13
6 178
260 92
252 152
106 115
254 140
39 174
185 143
106 15
250 224
110 97
180 206
183 15
35 95
257 194
216 174
247 76
113 142
276 234
152 183
37 266
229 149
156 164
28 237
299 7
276 254
35 104
248 27
239 269
132 51
248 24
152 112
211 42
126 138
124 219
131 292
42 64
275 22
216 179
247 31
288 211
136 134
149 101
71 204
292 75
278 210
242 84
39 87
170 58
166 146
122 235
195 101
156 92
202 225
243 142
69 197
92 55
168 89
281 210
211 17
114 21
178 90
162 170
281 187
99 86
118 41
245 93
56 237
271 164
238 70
270 281
216 119
52 217
233 229
42 105
117 100
145 283
210 116
112 129
53 139
267 26
137 120
171 225
281 275
60 285
128 285
172 272
248 282
263 238
99 59
248 195
53 276
119 285
101 179
87 93
227 79
245 209
21 196
282 55
210 61
191 199
98 255
168 250
176 234
75 111
206 168
223 178
114 162
160 219
90 59
76 176
78 202
102 177
163 269
58 39
162 203
8 203
105 132
205 103
56 226
68 139
105 79
270 77
205 149
148 258
53 232
222 251
60 189
168 228
175 75
139 194
97 240
91 240
51 33
10 29
255 218
204 270
270 95
20 148
108 59
70 133
218 44
169 103
162 205
273 39
290 204
254 185
173 185
89 264
81 199
122 279
293 175
159 109
87 196
158 259
210 277
138 285
140 168
278 253
139 176
261 64
138 2
243 98
163 46
228 88
51 41
298 71
157 120
19 205
118 234
21 252
219 256
88 98
162 30
221 162
108 37
281 12
296 39
234 88
154 16
194 193
273 251
93 178
193 281
163 110
235 186
72 73
46 98
48 102
246 113
50 107
36 57
253 88
12 157
12 95
120 144
194 227
235 194
113 193
174 95
11 116
239 188
250 281
164 110
285 53
78 131
134 130
189 41
5 221
110 293
252 243
170 81
286 269
94 177
49 65
242 2
152 64
245 49
194 230
248 137
127 86
153 289
160 102
261 171
230 106
269 91
91 69
146 182
81 218
118 1
49 34
244 32
140 227
278 166
257 149
230 206
148 253
75 14
272 262
238 281
111 156
36 55
73 170
71 190
257 236
202 95
13 200
44 211
98 166
230 110
287 103
264 19
263 187
72 132
197 203
37 219
13 285
117 30
202 97
51 266
249 27
34 195
257 171
182 212
299 32
134 260
300 202
214 61
217 94
153 298
128 144
81 114
37 194
34 299
181 223
167 124
87 165
136 115
23 199
211 216
222 189
207 19
74 150
224 17
155 150
115 12
260 104
296 22
86 171
5 287
62 116
166 274
56 201
28 230
82 66
67 245
89 232
166 8
179 31
280 247
278 80
150 184
113 42
160 297
48 130
142 257
23 249
206 229
88 52
222 114
216 144
2 124
43 25
114 46
142 109
243 192
108 135
30 155
92 203
29 240
56 235
25 73
231 199
176 102
105 268
85 253
67 131
299 110
293 205
294 207
2 112
254 152
228 46
154 203
130 41
137 121
228 93
148 151
173 210
290 168
158 268
283 233
62 263
164 108
142 66
32 151
123 85
18 138
207 150
281 212
204 220
273 273
178 124
143 73
166 135
258 206
31 255
194 1
22 199
283 149
86 18
41 30
194 121
258 300
188 189
133 227
133 265
100 9
77 282
238 255
27 115
117 205
203 4
233 80
65 53
85 217
8 271
99 163
51 233
157 287
75 174
281 5
42 252
132 208
24 249
291 71
4 3
280 131
166 198
200 168
54 62
14 175
157 228
263 184
232 150
183 205
64 263
127 213
258 291
93 256
13 21
29 170
147 53
278 120
53 41
176 257
214 50
188 242
178 216
274 145
277 40
142 163
50 187
45 42
192 130
171 266
38 164
275 151
61 51
96 5
158 162
42 19
277 20
60 91
107 245
48 52
81 229
125 39
19 202
216 112
133 21
226 266
218 282
209 144
186 246
277 293
290 110
285 165
47 204
182 298
211 172
72 238
156 117
105 36
1 51
242 31
284 232
46 113
191 11
4 148
54 32
269 186
109 295
266 290
234 191
285 137
299 57
136 164
258 124
176 128
243 61
51 165
85 204
11 43
251 121
280 89
179 133
109 78
27 45
106 262
83 29
126 122
238 28
107 181
29 20
188 150
38 94
86 105
191 284
89 25
26 87
14 255
79 184
223 163
140 265
293 193
32 48
139 128
15 232
147 97
261 239
2 48
154 31
204 53
140 288
137 269
201 72
121 131
260 85
165 99
3 269
171 216
184 69
264 200
201 12
190 103
260 136
217 25
95 96
150 187
9 85
131 120
172 286
117 113
65 248
128 240
279 89
99 42
47 177
56 224
97 156
95 271
86 204
268 161
238 48
106 111
46 268
151 23
273 127
263 296
101 98
132 244
262 153
86 94
162 83
67 288
150 124
177 134
170 173
202 117
146 253
110 166
81 195
158 263
187 92
177 234
241 264
190 162
278 151
299 9
196 47
2 203
248 151
7 128
99 188
130 97
251 129
156 131
211 6
135 79
122 173
230 279
105 41
244 93
258 60
153 221
112 88
249 9
183 123
296 125
184 250
53 101
19 265
66 86
54 16
4 157
268 113
10 296
206 21
176 217
187 56
166 20
217 157
191 255
201 26
46 127
101 46
61 146
86 119
40 160
184 181
225 96
29 49
164 244
183 8
204 12
30 194
295 177
81 100
183 249
113 177
77 144
3 43
10 263
269 285
73 46
42 240
65 145
24 26
113 245
102 2
136 228
26 169
150 256
235 281
11 286
293 21
33 141
209 264
172 265
52 41
57 97
116 233
137 22
272 186
44 116
28 59
212 155
170 47
174 190
41 188
125 54
44 11
262 68
72 35
160 199
253 93
4 195
228 202
244 128
278 188
286 232
220 52
56 170
207 144
139 116
243 107
237 256
169 254
218 209
30 264
240 137
37 187
142 216
185 285
196 155
110 84
280 273
179 58
1 244
218 138
164 217
135 124
38 152
241 87
57 62
259 210
82 203
23 122
15 292
291 135
172 179
23 290
102 27
208 76
149 292
216 59
148 232
182 234
292 178
256 59
180 271
289 10
197 22
64 23
44 237
204 194
287 217
84 189
104 189
156 34
241 192
236 40
187 194
203 17
95 177
260 296
15 259
157 3
233 89
17 70
237 274
83 77
178 50
205 73
253 139
224 215
65 178
99 18
188 11
166 286
120 54
73 117
99 220
99 226
299 238
130 208
274 233
41 166
191 231
158 56
149 172
281 227
147 261
291 18
66 138
116 259
53 294
63 206
81 55
104 117
290 160
188 88
230 71
149 112
71 101
266 108
19 117
250 179
163 105
187 82
139 76
32 36
76 228
241 262
122 142
201 5
2 192
238 159
40 279
83 259
166 280
247 237
255 159
97 201
169 124
230 141
180 14
161 279
54 177
241 148
90 218
112 277
125 292
265 47
165 176
163 128
191 78
18 216
56 201
149 134
223 71
22 133
231 198
232 205
233 157
239 148
112 173
150 231
28 148
127 100
121 160
161 170
94 271
141 159
110 219
282 294
200 33
296 23
251 49
149 287
181 198
83 228
252 2
296 185
73 154
261 252
169 93
124 10
180 217
20 65
290 11
141 226
249 48
79 89
147 153
135 68
287 131
159 280
67 159
115 282
282 151
248 289
192 205
113 287
143 238
181 208
173 109
217 195
277 23
267 210
142 91
183 236
277 120
112 218
36 173
132 69
189 224
13 185
115 119
24 262
188 103
128 137
198 67
181 193
275 220
156 130
15 267
84 184
170 5
270 26
135 259
283 188
273 269
185 269
38 248
280 284
116 134
260 143
133 42
84 238
125 218
179 221
223 288
265 186
130 245
201 298
108 40
32 181
197 204
103 59
66 168
133 80
41 182
55 285
173 143
251 232
114 7
109 121
171 237
284 198
39 126
26 27
30 100
223 173
66 71
73 20
204 263
187 271
172 1
40 15
264 216
149 119
154 42
78 108
106 56
262 43
131 211
17 107
84 262
149 35
209 4
111 181
284 161
39 253
219 276
83 247
297 250
252 262
255 176
242 114
261 174
116 93
217 284
112 36
30 139
70 83
106 180
220 14
274 228
41 72
13 272
292 55
236 69
134 210
107 5
79 216
108 168
181 265
79 269
143 235
216 7
132 139
7 177
286 116
15 65
86 136
147 68
283 121
25 18
295 238
256 178
173 200
287 124
86 84
15 71
109 147
88 298
