546 526 1429
521 262
526 160
72 111
294 383
321 228
15 491
415 258
134 110
202 130
465 354
400 2
210 461
202 127
381 492
279 375
239 158
139 226
301 124
436 115
46 169
208 70
496 426
186 337
222 245
500 392
287 302
149 191
54 118
311 52
421 272
373 124
229 197
403 114
240 406
192 42
498 367
75 183
103 494
467 315
76 434
128 308
509 210
258 22
496 33
26 254
474 369
317 112
440 202
71 216
537 139
269 356
527 523
439 335
98 512
505 137
211 71
529 179
216 216
284 103
152 12
14 15
196 415
79 264
102 48
422 51
461 455
485 238
495 497
165 251
305 186
514 119
243 367
126 335
27 341
448 51
289 306
458 184
136 459
340 396
221 525
498 8
294 284
125 303
519 231
205 239
255 198
376 14
187 474
13 226
273 42
102 221
433 388
496 192
225 23
170 395
46 49
116 505
132 185
302 191
516 170
370 372
483 286
125 319
265 41
482 265
409 522
146 412
116 499
524 453
44 453
306 15
212 440
305 210
454 516
436 493
382 239
68 331
124 78
9 25
299 331
432 124
204 344
136 284
222 161
270 171
311 30
15 374
21 217
43 193
100 264
343 73
306 9
264 428
115 54
154 289
338 208
185 316
511 106
427 430
88 507
279 1
152 264
95 330
320 114
230 312
394 213
263 370
135 33
121 130
528 20
358 343
321 138
69 226
368 418
96 424
214 436
256 121
497 218
8 342
502 315
164 469
120 459
491 350
502 173
328 398
219 331
24 376
429 22
230 486
222 11
458 161
188 254
281 3
528 436
71 163
22 452
145 414
459 160
41 15
286 151
9 373
434 100
411 342
484 309
37 214
392 281
525 264
28 193
517 419
265 156
491 338
40 260
406 215
243 45
372 358
194 238
328 501
370 268
474 471
19 83
350 180
206 506
250 12
18 108
512 333
6 452
9 153
292 358
172 322
71 327
504 291
490 493
34 9
509 490
480 334
136 18
469 305
5 28
84 113
139 369
276 213
465 134
129 452
465 14
135 196
15 318
468 26
490 137
426 293
83 368
303 155
29 210
128 461
11 40
124 364
180 237
398 241
297 199
203 272
67 295
151 219
197 286
520 363
381 209
83 27
141 285
36 132
206 233
540 340
421 246
486 65
529 70
121 206
329 525
301 445
78 515
351 54
400 279
493 26
441 45
101 393
192 267
203 430
379 387
109 513
543 387
185 141
378 495
463 77
272 376
391 499
362 71
202 292
370 143
380 473
407 205
188 451
455 27
456 249
226 446
119 462
260 320
507 145
428 135
380 168
489 91
202 422
496 411
436 29
251 191
503 340
57 262
354 3
412 196
54 179
285 115
175 423
530 223
339 113
263 308
162 387
77 276
318 448
190 299
199 349
66 426
182 513
487 408
3 485
237 3
123 475
256 140
335 210
207 419
367 459
247 389
50 142
541 74
132 457
385 148
349 59
423 421
367 411
55 45
447 208
174 341
28 525
177 405
109 273
93 265
309 416
260 137
84 483
330 302
300 31
127 179
330 494
88 389
392 170
297 170
450 242
48 134
454 18
82 248
315 249
28 335
114 291
227 56
86 62
423 403
426 212
122 282
102 455
240 268
331 341
508 127
105 447
9 198
58 247
359 505
161 291
488 3
199 173
225 306
326 169
227 272
148 143
424 13
24 227
128 4
219 130
107 259
470 362
323 389
454 286
50 409
477 408
493 413
185 350
185 273
143 429
161 100
375 139
446 305
321 466
513 479
488 514
44 496
77 233
198 44
408 131
204 417
515 473
26 217
508 273
279 371
517 417
13 357
277 172
197 39
151 164
144 370
370 117
525 116
307 60
32 136
9 298
270 431
365 357
395 390
331 293
346 296
234 353
158 325
430 48
17 118
78 8
14 503
249 164
507 278
520 358
516 289
48 492
84 252
216 201
374 228
515 361
7 45
375 354
187 442
85 255
452 311
312 85
110 443
331 97
60 365
439 425
239 140
452 516
355 175
306 282
114 326
178 448
1 8
199 333
396 50
34 307
76 431
185 341
125 483
544 157
143 254
464 409
525 309
490 265
16 121
463 499
287 415
475 37
388 144
273 44
146 4
156 374
7 67
488 132
300 75
24 424
321 75
502 366
30 336
206 364
257 495
328 505
267 496
341 384
522 338
266 299
172 154
370 416
365 27
484 1
223 84
19 504
449 115
16 492
406 440
351 318
507 11
259 500
272 522
546 62
258 364
164 111
119 112
92 500
148 234
518 433
493 429
371 410
304 319
398 438
73 246
268 475
15 489
186 54
365 215
253 115
196 510
526 287
36 152
7 200
511 375
403 217
150 489
509 513
449 451
379 332
159 281
282 433
108 208
247 216
143 67
259 394
428 220
145 304
364 144
165 221
5 164
111 196
255 175
31 52
503 385
312 360
183 438
401 214
41 18
462 494
191 362
367 241
516 35
402 60
434 182
381 489
314 257
72 316
501 68
509 511
270 4
42 470
441 157
252 515
73 117
1 172
407 336
175 342
146 505
470 174
363 310
246 463
123 146
504 485
330 119
338 178
472 283
183 216
155 309
240 456
319 111
407 290
92 98
537 523
471 174
303 312
367 365
349 109
40 388
338 509
189 55
98 418
331 289
262 307
123 480
115 207
282 261
225 491
369 52
262 289
123 23
479 277
206 484
369 482
13 239
107 166
191 446
398 494
205 109
269 78
55 73
407 47
153 228
135 211
176 445
32 31
108 138
5 178
407 165
31 232
160 143
49 457
6 220
416 419
545 218
165 357
402 55
173 96
77 58
39 522
56 2
460 261
89 207
253 209
338 86
197 122
90 157
533 259
522 90
385 253
428 457
69 150
511 119
340 165
88 241
97 325
56 477
283 446
278 133
307 21
257 376
277 325
9 74
443 470
188 338
403 58
64 194
39 292
181 171
95 277
190 333
273 37
514 286
150 80
176 268
83 343
205 71
135 479
318 209
58 401
226 294
464 513
155 195
528 396
272 374
496 257
22 326
7 147
234 372
538 419
194 189
314 520
138 378
504 396
255 214
250 79
154 67
90 496
299 416
258 138
175 280
37 508
302 54
212 435
271 206
357 30
118 240
487 390
188 188
254 377
502 125
188 53
541 289
266 72
260 35
226 155
321 183
181 292
39 314
494 365
203 236
55 463
455 48
188 193
525 127
350 90
459 491
76 286
439 419
73 443
291 240
210 428
477 513
102 349
428 419
334 150
543 252
490 488
83 332
45 79
250 438
307 192
33 526
223 220
414 335
538 354
487 315
317 398
342 301
302 384
155 110
393 355
380 519
307 457
54 100
71 278
260 37
235 418
460 84
237 34
251 479
438 519
285 166
495 242
298 511
363 371
111 8
152 64
64 410
542 485
422 296
330 352
230 438
362 176
545 446
69 27
432 292
285 354
171 194
101 145
104 411
60 100
35 436
210 322
86 334
497 214
102 146
115 342
290 222
118 469
229 31
490 455
229 246
376 147
215 512
444 362
334 193
352 456
411 498
290 48
17 491
317 356
462 359
132 352
482 258
376 74
451 14
202 287
256 163
195 446
125 9
286 314
465 166
501 508
173 440
92 433
432 217
81 154
437 78
352 454
368 1
149 38
384 273
220 506
198 298
256 525
263 489
326 486
78 213
80 25
375 305
227 429
132 457
257 44
405 236
413 256
318 366
509 185
358 194
89 89
392 154
498 163
407 281
62 365
89 30
298 234
361 384
34 63
283 50
194 508
168 364
469 423
69 488
230 297
249 189
232 103
92 18
49 336
70 520
440 468
222 173
260 326
30 176
1 389
8 484
144 192
436 201
98 397
301 374
176 188
62 28
227 514
414 346
60 515
97 278
441 66
452 416
63 93
488 408
315 265
144 477
78 395
34 302
387 161
386 497
243 368
59 15
305 199
54 354
345 92
468 524
340 363
365 419
97 159
52 432
513 454
129 181
69 172
313 238
431 193
332 296
424 433
157 101
351 118
30 358
239 481
115 340
300 171
71 111
310 400
454 327
227 357
178 386
467 395
66 25
459 130
182 139
31 78
450 96
262 76
493 347
367 85
114 328
59 191
302 379
417 331
337 506
454 170
354 461
260 447
271 27
74 458
319 327
56 115
405 117
389 305
46 74
399 363
285 506
146 218
479 385
437 138
506 435
396 82
134 517
81 508
53 352
303 74
110 445
183 42
385 213
69 101
157 6
187 287
491 479
171 432
155 130
508 422
68 417
420 33
155 327
143 270
228 50
316 278
507 402
308 479
35 109
115 282
423 295
504 382
415 282
538 210
48 516
288 495
345 359
259 129
281 467
496 429
424 114
298 494
8 481
91 141
534 513
524 419
92 72
37 283
462 219
479 381
133 487
191 242
64 139
531 440
327 84
169 305
81 424
313 420
337 236
487 218
11 439
132 524
492 415
240 188
496 426
494 511
230 430
184 201
512 169
511 88
128 72
108 314
498 61
295 215
248 491
451 437
41 267
85 124
271 263
278 354
400 409
406 2
397 210
309 425
68 78
180 101
87 9
315 342
263 138
526 452
245 52
190 383
169 429
295 146
265 67
243 514
67 464
80 501
494 421
396 49
86 422
260 245
100 329
316 299
440 428
64 486
86 496
442 135
416 442
443 478
72 471
182 292
96 43
534 117
506 62
85 293
143 176
35 449
278 113
178 408
88 97
306 482
44 150
421 144
27 259
402 266
412 19
135 169
397 441
216 381
108 143
446 469
116 429
138 173
478 418
304 340
55 188
393 379
411 526
243 99
364 255
95 148
339 370
325 397
536 82
18 121
211 515
171 334
300 58
107 270
538 30
340 498
115 465
364 226
425 289
138 322
170 200
237 514
309 288
130 329
227 364
495 66
332 203
324 502
17 31
272 266
144 40
404 364
74 65
80 120
72 393
355 152
257 474
466 426
460 298
475 512
496 69
310 222
458 517
480 371
181 477
519 496
450 151
266 131
459 388
473 275
389 418
98 129
135 256
360 353
130 94
350 173
76 422
279 12
324 393
472 367
544 519
264 172
391 359
305 363
70 231
15 175
72 287
431 115
237 52
28 299
238 301
22 105
124 286
457 115
461 287
78 136
355 342
220 315
223 151
418 203
223 511
57 482
420 20
216 167
464 143
302 170
338 148
8 416
341 433
83 240
111 409
495 3
246 233
463 500
281 453
156 460
388 194
479 347
35 139
379 490
500 223
329 275
184 17
188 522
141 56
399 180
180 149
476 471
431 287
283 477
435 454
89 498
521 229
391 108
40 102
125 475
263 216
217 372
334 434
152 311
499 250
504 478
336 254
264 267
136 233
348 336
208 351
35 6
251 261
60 444
139 28
381 495
498 175
544 432
166 142
218 402
487 261
440 57
57 414
186 312
437 452
96 283
140 10
148 364
395 204
248 76
287 446
286 149
222 309
357 480
390 92
412 418
485 176
53 312
362 126
486 452
148 497
178 22
4 395
513 357
232 368
43 437
306 69
363 322
321 95
229 37
246 204
128 31
74 68
168 369
221 218
199 3
19 367
113 367
434 391
327 440
384 143
290 488
182 20
369 117
175 144
538 332
295 461
103 128
438 320
85 386
200 303
531 13
529 341
467 255
325 72
490 289
363 492
58 72
501 293
14 229
438 525
424 324
427 35
173 438
343 501
116 238
230 33
183 386
365 415
231 208
375 417
333 174
84 265
347 248
294 26
359 138
482 266
163 228
198 228
428 438
447 485
449 444
255 501
93 296
485 399
362 127
207 3
483 352
421 12
280 75
470 14
439 167
354 144
397 434
391 175
326 391
100 114
138 67
453 500
131 318
137 139
350 387
4 245
409 73
75 133
533 363
299 93
29 520
134 351
416 29
347 49
128 418
290 50
54 5
521 287
292 472
109 408
388 428
88 248
464 391
224 222
354 195
30 335
358 447
531 388
390 193
342 182
286 220
170 133
517 107
174 212
387 508
116 232
397 104
93 205
257 276
29 114
168 414
368 273
50 170
322 146
465 354
287 328
414 515
276 488
154 91
330 12
421 320
130 146
285 118
460 194
419 217
462 9
508 406
457 359
484 315
501 71
545 262
197 95
46 393
417 143
348 81
69 332
16 499
227 316
338 480
243 158
153 173
88 214
525 276
358 398
367 420
356 401
202 98
247 51
66 70
439 512
6 213
274 176
146 373
12 368
113 151
519 16
368 282
258 471
471 523
399 223
272 204
246 10
374 178
429 317
456 82
27 65
282 382
312 270
105 402
369 406
196 499
275 433
410 131
67 490
480 270
105 489
217 445
140 126
266 267
333 353
367 96
284 175
159 106
315 254
434 57
272 470
96 37
380 250
189 68
44 358
544 461
112 302
484 276
415 80
168 450
508 470
533 50
359 118
316 198
498 514
162 271
69 310
513 134
312 66
288 407
350 259
260 118
334 35
464 160
417 435
273 195
209 272
168 221
286 393
73 163
