518 565 1359
273 224
77 82
20 357
126 7
249 310
514 2
357 234
96 37
418 52
380 258
121 563
485 276
206 538
132 66
87 409
87 58
440 497
516 203
219 314
91 154
200 365
160 416
422 516
241 526
276 296
321 470
73 309
433 451
196 31
409 365
455 293
235 563
264 204
194 455
369 399
386 278
511 281
330 92
179 261
51 45
495 345
274 359
190 150
363 462
374 513
1 172
36 314
11 74
215 377
189 65
276 39
377 5
290 462
271 427
184 197
45 1
97 481
179 285
430 159
54 531
153 13
254 68
252 458
508 333
410 87
208 66
130 104
326 375
120 281
195 534
356 214
157 507
514 247
436 528
18 330
335 67
352 15
139 25
16 480
336 284
468 345
206 421
378 176
173 271
398 28
336 336
409 341
108 525
331 159
470 187
495 180
377 386
43 137
43 301
370 395
189 247
23 218
54 106
175 492
6 342
318 177
136 405
404 170
413 407
516 155
30 155
87 191
293 226
266 294
494 224
438 540
305 7
390 447
378 173
108 53
133 285
97 236
153 252
400 125
429 59
462 457
87 38
122 562
251 448
95 178
516 508
249 80
123 439
152 418
423 159
386 546
255 224
214 551
470 146
229 38
142 75
369 303
243 284
180 108
218 392
94 7
241 55
63 181
139 195
202 359
178 301
199 218
322 530
271 304
271 248
441 126
20 180
135 225
409 511
101 384
372 38
199 288
31 245
340 538
271 428
101 291
60 488
314 335
480 93
43 175
136 454
268 427
474 80
438 496
28 233
54 343
69 41
323 28
254 332
294 5
416 67
270 249
186 494
98 476
111 386
152 50
322 376
383 356
416 451
339 298
9 285
223 179
63 210
53 164
142 320
186 187
112 264
166 80
314 351
371 183
112 59
271 271
209 34
85 122
86 115
173 410
137 445
94 221
186 393
28 365
410 27
142 135
393 513
210 512
418 293
176 193
127 415
53 195
465 120
314 1
385 136
445 398
235 14
469 539
266 374
345 481
310 554
116 223
82 552
224 409
361 282
410 409
44 290
187 287
161 143
67 338
266 147
325 457
415 239
428 121
142 468
123 457
505 241
516 516
492 157
69 381
217 240
328 288
75 116
479 401
232 110
182 543
472 472
422 7
435 90
116 151
322 12
308 367
381 367
357 404
427 200
403 322
199 415
399 488
445 468
125 457
333 83
17 500
145 430
506 391
206 93
36 81
185 499
397 42
145 267
220 84
108 459
475 480
207 203
109 144
174 201
202 136
489 445
459 414
303 172
467 357
438 89
473 57
449 392
457 525
468 486
145 475
54 399
183 405
15 497
40 492
131 365
52 407
277 46
337 240
200 398
368 172
310 525
5 102
84 248
182 18
182 434
252 458
90 85
191 303
112 523
444 170
8 356
31 109
217 142
217 379
19 524
111 212
437 491
367 562
71 63
140 146
324 137
456 471
42 119
104 265
77 475
476 253
76 430
231 23
185 564
101 259
79 374
266 269
283 423
45 444
57 161
49 488
18 427
312 24
36 8
402 209
195 333
138 402
489 388
370 304
20 547
380 444
167 326
441 122
357 430
430 404
300 521
282 36
262 458
15 451
420 80
353 522
95 513
286 229
192 113
333 312
268 270
308 369
34 460
370 259
394 448
192 235
136 250
402 490
73 438
512 449
249 135
203 25
106 405
173 243
111 238
323 282
460 269
245 162
27 422
99 466
262 544
137 445
191 18
414 86
9 557
97 235
56 511
390 286
151 440
301 111
250 138
101 312
118 435
400 359
291 553
292 265
473 227
433 26
58 116
69 561
126 49
480 202
77 456
365 479
328 341
225 454
24 7
434 49
393 278
216 57
98 333
90 53
240 162
25 13
258 353
378 140
140 356
14 268
171 38
136 284
64 341
113 254
285 264
10 222
152 463
484 294
422 363
266 121
321 67
336 402
180 91
71 212
231 516
24 507
382 496
381 109
505 285
361 67
287 529
244 353
474 535
398 232
421 528
303 381
294 149
283 34
290 114
473 296
420 45
368 223
76 219
113 328
311 1
302 279
485 433
382 2
463 172
440 250
265 561
260 237
110 409
232 17
338 128
148 484
89 260
318 554
322 464
157 83
368 377
154 75
281 9
501 158
460 13
221 105
472 188
174 285
220 100
383 500
271 344
42 75
201 97
88 436
173 482
38 191
364 60
506 504
40 220
492 242
185 373
64 50
330 538
120 208
273 146
323 420
248 386
452 301
489 540
416 59
346 137
164 542
136 206
379 339
140 246
208 341
132 97
142 403
83 47
385 193
20 51
258 209
265 36
213 417
384 158
204 505
282 395
5 461
128 330
83 552
135 548
267 197
492 68
252 128
130 114
234 239
351 35
308 132
426 114
143 150
85 383
508 135
8 12
25 340
407 518
52 457
130 441
385 28
215 89
240 71
362 149
419 165
304 494
448 450
309 112
415 23
197 194
363 163
50 258
112 24
346 381
332 212
213 314
435 355
338 416
40 134
140 124
125 322
438 454
53 39
10 495
121 131
464 555
513 195
445 192
218 165
488 417
199 63
11 41
78 290
195 47
355 530
476 428
262 194
102 140
176 226
292 46
80 181
190 507
14 133
392 545
87 317
414 123
493 308
452 363
78 470
488 237
369 367
132 175
149 527
29 286
246 299
264 145
69 250
334 194
223 516
116 402
149 15
354 200
383 256
477 447
126 489
275 239
237 323
127 167
29 508
382 455
82 500
368 142
341 540
49 61
106 180
264 238
474 542
341 386
482 170
94 116
407 429
299 544
94 377
95 357
87 181
497 332
479 75
327 215
148 158
73 212
485 278
393 10
369 67
16 248
393 511
458 515
203 267
231 30
212 507
469 270
112 171
303 24
298 549
316 422
34 545
39 452
126 530
183 224
184 226
113 118
3 200
447 409
240 555
192 46
270 397
124 134
329 423
318 501
424 100
205 451
107 15
61 491
240 127
259 302
131 405
447 479
399 109
111 525
512 418
327 158
288 424
378 457
286 212
220 224
75 516
470 80
509 298
370 275
317 483
35 496
271 87
105 354
245 471
101 127
297 210
509 247
153 511
304 51
461 551
138 391
500 148
140 345
469 225
50 465
294 209
348 544
122 197
357 364
58 133
190 511
382 360
174 495
301 269
474 411
374 533
6 152
516 22
46 324
71 297
46 231
270 404
6 166
448 77
442 276
403 465
518 171
235 354
358 379
456 392
81 64
451 17
70 441
462 466
499 282
80 42
85 268
352 476
235 263
23 250
224 77
212 376
376 270
484 128
164 63
63 257
424 362
396 209
501 37
65 156
141 437
347 39
385 313
104 329
457 308
270 240
374 64
415 504
221 87
350 458
93 246
386 166
219 116
276 419
95 248
66 377
102 428
406 127
392 183
207 420
398 392
208 488
111 511
447 209
204 514
385 115
324 442
24 357
378 539
191 50
286 123
346 389
511 57
215 15
235 396
96 269
269 24
317 454
231 341
68 353
374 347
164 496
162 241
378 144
98 160
64 159
474 285
253 280
256 178
493 30
230 102
397 500
31 464
333 253
69 468
272 9
500 65
248 235
202 137
383 30
342 55
86 76
233 125
97 2
489 324
92 317
10 249
306 502
348 412
266 165
275 496
185 88
13 102
130 117
480 235
171 564
191 171
246 383
74 221
182 250
498 442
223 177
363 101
283 186
40 322
3 297
26 74
303 330
162 386
463 230
307 244
197 221
62 318
2 379
284 377
489 81
434 505
9 371
23 119
209 186
404 66
73 377
68 403
174 392
72 27
223 77
310 157
505 190
394 169
141 206
401 68
486 340
34 266
458 480
362 462
265 516
337 141
469 260
186 225
335 508
191 522
234 531
445 519
113 273
464 530
119 297
374 152
101 429
55 277
273 367
368 187
388 481
396 181
119 4
431 433
253 35
163 78
80 275
227 11
162 5
434 234
179 394
306 202
313 319
217 241
82 72
42 560
372 444
250 443
112 98
404 346
6 92
466 498
320 298
117 517
450 483
434 524
505 407
317 506
238 429
377 305
63 432
295 16
97 327
414 44
320 121
224 342
35 126
19 78
189 56
448 465
253 119
272 525
490 279
20 246
54 531
287 262
287 431
387 10
411 528
477 419
290 385
70 106
496 271
152 216
67 548
485 182
301 144
332 221
222 565
209 342
416 476
513 1
158 363
162 266
510 139
52 450
272 311
374 421
233 457
410 292
476 204
200 36
223 74
508 164
14 318
516 221
460 507
371 112
55 30
328 382
111 407
382 209
299 352
67 564
15 224
179 32
148 498
109 425
272 108
322 212
68 209
319 379
66 14
147 368
502 491
291 451
205 409
363 323
434 93
138 382
213 374
450 323
454 421
199 198
63 268
195 85
272 133
291 562
194 389
328 41
452 287
254 127
305 228
477 352
112 448
69 231
156 242
13 210
115 124
19 318
37 254
261 80
124 349
454 350
229 102
453 60
342 291
336 88
493 309
120 128
200 353
97 507
210 199
64 254
401 188
463 311
461 564
352 220
335 504
434 443
123 104
157 220
111 218
346 254
484 387
232 111
5 378
499 175
354 333
140 376
103 466
489 505
39 363
103 114
426 484
364 144
77 318
356 489
449 369
201 407
379 259
368 189
116 259
488 535
444 407
398 104
473 198
198 466
356 23
227 87
74 285
366 52
352 230
402 195
36 122
467 385
501 127
35 313
186 537
345 80
92 523
396 97
455 531
406 387
81 407
300 194
70 24
151 392
169 193
45 186
156 512
451 418
337 522
164 146
476 377
56 242
221 228
78 409
330 394
278 371
190 33
288 499
306 88
318 43
372 33
480 33
126 190
42 473
192 102
44 546
420 47
152 528
92 27
370 33
313 426
269 408
504 294
142 375
467 294
147 226
2 73
343 476
94 545
124 312
383 381
89 104
425 153
84 29
158 208
278 543
316 270
19 503
502 84
39 194
352 325
184 429
244 27
129 342
355 242
21 250
48 419
70 302
178 447
357 188
384 374
331 259
355 522
517 373
268 163
229 341
308 305
293 118
233 295
1 405
263 70
241 357
221 135
65 77
185 472
133 371
253 248
460 435
55 303
180 423
3 331
499 370
253 381
437 27
223 17
325 24
397 20
176 377
316 369
505 127
336 346
139 356
452 54
73 278
353 61
383 30
199 120
284 552
373 453
17 202
235 348
251 151
180 460
71 342
422 262
277 16
156 565
7 140
31 471
336 19
149 554
251 495
377 200
458 186
399 40
469 438
385 529
63 254
297 60
21 204
116 424
134 508
212 241
413 451
418 473
362 175
348 283
368 221
31 537
80 564
49 552
199 299
309 313
24 476
60 76
125 168
501 31
22 386
32 10
152 13
246 390
270 382
248 408
420 206
218 381
514 168
118 352
28 408
261 281
387 538
89 295
257 42
172 278
162 198
299 557
92 294
149 33
226 66
285 205
58 72
102 96
361 181
67 138
463 490
282 27
505 482
445 215
485 422
99 61
187 489
499 156
510 230
434 340
131 389
238 1
420 445
354 304
362 531
414 545
141 373
9 445
134 426
467 354
62 57
370 277
482 183
344 253
118 125
439 88
475 115
156 308
80 401
469 41
137 35
59 465
102 11
168 512
356 455
275 325
177 144
160 357
29 178
270 470
401 47
94 83
213 97
380 520
450 129
362 135
242 68
487 17
412 208
52 419
480 96
339 428
93 283
422 21
75 315
8 512
237 56
49 154
472 556
142 19
437 349
12 522
201 472
252 280
37 92
312 328
261 188
143 3
163 227
492 50
167 438
380 536
490 13
391 237
89 202
427 551
30 178
275 510
304 121
467 332
461 383
179 396
168 374
79 440
296 75
8 365
5 460
50 522
445 88
513 472
98 10
246 265
395 217
208 333
419 446
68 85
114 20
506 383
230 128
370 421
121 47
429 520
399 17
180 351
74 290
157 316
47 363
280 330
474 138
204 9
493 80
7 437
328 279
215 524
53 485
120 345
311 390
480 324
199 510
398 32
353 129
66 47
153 26
438 385
440 358
97 38
141 354
334 173
23 549
124 286
513 263
114 111
405 308
10 47
104 523
82 60
86 113
177 163
465 351
140 353
116 466
486 546
441 225
500 351
364 472
163 88
402 336
63 433
397 412
346 199
